5
<ClipName>:
Armature|Closed
<Duration>:
1
<FrameRate>:
60
<KeyFrames>:
2
<ClipNodeName>:
Armature
<ClipNodeKeyframeTransform>:
0 -0.00276677 80.2457 55.01 1 -0.00276677 80.2457 55.01 
<ClipNodeKeyframeRotation>:
0 0.707107 -0 0 0.707107 1 0.707107 -0 0 0.707107 
<ClipNodeKeyframeScale>:
0 100 100 100 1 100 100 100 
<ClipNodeName>:
Bone
<ClipNodeKeyframeTransform>:
0 0 0 -0 1 0 0 -0 
<ClipNodeKeyframeRotation>:
0 -1 -3.30012e-15 7.54979e-08 -4.37114e-08 1 -1 -3.30012e-15 7.54979e-08 -4.37114e-08 
<ClipNodeKeyframeScale>:
0 1 1 1 1 1 1 1 
<ClipName>:
Armature|Closing
<Duration>:
58
<FrameRate>:
60
<KeyFrames>:
2
<ClipNodeName>:
Armature
<ClipNodeKeyframeTransform>:
0 -0.00276677 80.2457 55.01 58 -0.00276677 80.2457 55.01 
<ClipNodeKeyframeRotation>:
0 0.707107 -0 0 0.707107 58 0.707107 -0 0 0.707107 
<ClipNodeKeyframeScale>:
0 100 100 100 58 100 100 100 
<ClipNodeName>:
Bone
<ClipNodeKeyframeTransform>:
0 0 0 -0 1 0 0 -0 2 0 0 -0 3 0 0 -0 4 0 0 -0 5 0 0 -0 6 0 0 -0 7 0 0 -0 8 0 0 -0 9 0 0 -0 10 0 0 -0 11 0 0 -0 12 0 0 -0 13 0 0 -0 14 0 0 -0 15 0 0 -0 16 0 0 -0 17 0 0 -0 18 0 0 -0 19 0 0 -0 20 0 0 -0 21 0 0 -0 22 0 0 -0 23 0 0 -0 24 0 0 -0 25 0 0 -0 26 0 0 -0 27 0 0 -0 28 0 0 -0 29 0 0 -0 30 0 0 -0 31 0 0 -0 32 0 0 -0 33 0 0 -0 34 0 0 -0 35 0 0 -0 36 0 0 -0 37 0 0 -0 38 0 0 -0 39 0 0 -0 40 0 0 -0 41 0 0 -0 42 0 0 -0 43 0 0 -0 44 0 0 -0 45 0 0 -0 46 0 0 -0 47 0 0 -0 48 0 0 -0 49 0 0 -0 50 0 0 -0 51 0 0 -0 52 0 0 -0 53 0 0 -0 54 0 0 -0 55 0 0 -0 56 0 0 -0 58 0 0 -0 
<ClipNodeKeyframeRotation>:
0 -0.173648 -7.43509e-08 1.31101e-08 0.984808 1 -0.174281 -7.17955e-08 1.30639e-08 0.984696 2 -0.176189 -6.92569e-08 1.29313e-08 0.984356 3 -0.179394 -6.67349e-08 1.27207e-08 0.983777 4 -0.183921 -6.4229e-08 1.24401e-08 0.982941 5 -0.1898 -6.17389e-08 1.20976e-08 0.981823 6 -0.197068 -5.92637e-08 1.1701e-08 0.98039 7 -0.205766 -5.68028e-08 1.12582e-08 0.978601 8 -0.215937 -5.43554e-08 1.07771e-08 0.976407 9 -0.22763 -5.19208e-08 1.02657e-08 0.973748 10 -0.240894 -4.94983e-08 9.73253e-09 0.970551 11 -0.255779 -4.70872e-08 9.18619e-09 0.966735 12 -0.272334 -4.46873e-08 8.63591e-09 0.962203 13 -0.290601 -4.22983e-08 8.0914e-09 0.956844 14 -0.310618 -3.99205e-08 7.56303e-09 0.950535 15 -0.332408 -3.75547e-08 7.06185e-09 0.943136 16 -0.355979 -3.52021e-08 6.59962e-09 0.934494 17 -0.381318 -3.28651e-08 6.18888e-09 0.924444 18 -0.408383 -3.05466e-08 5.84286e-09 0.912811 19 -0.437097 -2.82508e-08 5.57536e-09 0.899414 20 -0.467343 -2.59834e-08 5.40062e-09 0.884076 21 -0.498958 -2.37512e-08 5.33294e-09 0.866626 22 -0.531728 -2.15626e-08 5.38644e-09 0.846915 23 -0.565387 -1.94277e-08 5.57444e-09 0.824826 24 -0.599621 -1.73576e-08 5.90903e-09 0.800284 25 -0.63407 -1.53649e-08 6.40041e-09 0.773276 26 -0.668343 -1.34626e-08 7.05635e-09 0.743853 27 -0.702031 -1.16639e-08 7.88165e-09 0.712147 28 -0.734727 -9.81308e-09 9.06028e-09 0.678363 29 -0.766044 -8.427e-09 1.00429e-08 0.642788 30 -0.795642 -7.00969e-09 1.13715e-08 0.605768 31 -0.823234 -5.73653e-09 1.28553e-08 0.567702 32 -0.848609 -4.61144e-09 1.44833e-08 0.52902 33 -0.871633 -3.63513e-09 1.62428e-08 0.490159 34 -0.892249 -2.80517e-09 1.812e-08 0.451544 35 -0.910473 -2.11619e-09 2.01005e-08 0.413568 36 -0.926382 -1.56032e-09 2.21704e-08 0.376585 37 -0.940103 -1.1276e-09 2.43164e-08 0.34089 38 -0.951798 -8.06621e-10 2.65264e-08 0.306725 39 -0.961651 -5.84987e-10 2.87897e-08 0.274275 40 -0.969858 -4.49756e-10 3.10971e-08 0.243671 41 -0.976615 -3.87927e-10 3.34404e-08 0.214997 42 -0.982112 -3.86581e-10 3.58133e-08 0.188298 43 -0.986529 -4.33287e-10 3.82103e-08 0.163584 44 -0.990032 -5.16036e-10 4.06273e-08 0.14084 45 -0.99277 -6.23496e-10 4.30607e-08 0.120032 46 -0.994875 -7.44886e-10 4.55079e-08 0.101111 47 -0.996464 -8.70046e-10 4.7967e-08 0.0840216 48 -0.997637 -9.89397e-10 5.04363e-08 0.0687 49 -0.998482 -1.09383e-09 5.29146e-08 0.0550823 50 -0.999071 -1.17465e-09 5.5401e-08 0.0431051 51 -0.999465 -1.2235e-09 5.78947e-08 0.0327073 52 -0.999716 -1.23229e-09 6.03952e-08 0.0238311 53 -0.999865 -1.19306e-09 6.29016e-08 0.0164244 54 -0.999946 -1.09786e-09 6.54134e-08 0.0104414 55 -0.999983 -9.39069e-10 6.79299e-08 0.00583772 56 -0.999997 1.8184e-10 7.04479e-08 0.00258119 58 -1 -3.30012e-15 7.54979e-08 -4.37114e-08 
<ClipNodeKeyframeScale>:
0 1 1 1 1 1 1 1 2 1 1 1 3 1 1 1 4 1 1 1 5 1 1 1 6 1 1 1 7 1 1 1 8 1 1 1 9 1 1 1 10 1 1 1 11 1 1 1 12 1 1 1 13 1 1 1 14 1 1 1 15 1 1 1 16 1 1 1 17 1 1 1 18 1 1 1 19 1 1 1 20 1 1 1 21 1 1 1 22 1 1 1 23 1 1 1 24 1 1 1 25 1 1 1 26 1 1 1 27 1 1 1 28 1 1 1 29 1 1 1 30 1 1 1 31 1 1 1 32 1 1 1 33 1 1 1 34 1 1 1 35 1 1 1 36 1 1 1 37 1 1 1 38 1 1 1 39 1 1 1 40 1 1 1 41 1 1 1 42 1 1 1 43 1 1 1 44 1 1 1 45 1 1 1 46 1 1 1 47 1 1 1 48 1 1 1 49 1 1 1 50 1 1 1 51 1 1 1 52 1 1 1 53 1 1 1 54 1 1 1 55 1 1 1 56 1 1 1 58 1 1 1 
<ClipName>:
Armature|Opened
<Duration>:
1
<FrameRate>:
60
<KeyFrames>:
2
<ClipNodeName>:
Armature
<ClipNodeKeyframeTransform>:
0 -0.00276677 80.2457 55.01 1 -0.00276677 80.2457 55.01 
<ClipNodeKeyframeRotation>:
0 0.707107 -0 0 0.707107 1 0.707107 -0 0 0.707107 
<ClipNodeKeyframeScale>:
0 100 100 100 1 100 100 100 
<ClipNodeName>:
Bone
<ClipNodeKeyframeTransform>:
0 0 0 -0 1 0 0 -0 
<ClipNodeKeyframeRotation>:
0 -0.173648 -7.43509e-08 1.31101e-08 0.984808 1 -0.173648 -7.43509e-08 1.31101e-08 0.984808 
<ClipNodeKeyframeScale>:
0 1 1 1 1 1 1 1 
<ClipName>:
Armature|Opening
<Duration>:
58
<FrameRate>:
60
<KeyFrames>:
2
<ClipNodeName>:
Armature
<ClipNodeKeyframeTransform>:
0 -0.00276677 80.2457 55.01 58 -0.00276677 80.2457 55.01 
<ClipNodeKeyframeRotation>:
0 0.707107 -0 0 0.707107 58 0.707107 -0 0 0.707107 
<ClipNodeKeyframeScale>:
0 100 100 100 58 100 100 100 
<ClipNodeName>:
Bone
<ClipNodeKeyframeTransform>:
0 0 0 -0 2 0 0 -0 3 0 0 -0 4 0 0 -0 5 0 0 -0 6 0 0 -0 7 0 0 -0 8 0 0 -0 9 0 0 -0 10 0 0 -0 11 0 0 -0 12 0 0 -0 13 0 0 -0 14 0 0 -0 15 0 0 -0 16 0 0 -0 17 0 0 -0 18 0 0 -0 19 0 0 -0 20 0 0 -0 21 0 0 -0 22 0 0 -0 23 0 0 -0 24 0 0 -0 25 0 0 -0 26 0 0 -0 27 0 0 -0 28 0 0 -0 29 0 0 -0 30 0 0 -0 31 0 0 -0 32 0 0 -0 33 0 0 -0 34 0 0 -0 35 0 0 -0 36 0 0 -0 37 0 0 -0 38 0 0 -0 39 0 0 -0 40 0 0 -0 41 0 0 -0 42 0 0 -0 43 0 0 -0 44 0 0 -0 45 0 0 -0 46 0 0 -0 47 0 0 -0 48 0 0 -0 49 0 0 -0 50 0 0 -0 51 0 0 -0 52 0 0 -0 53 0 0 -0 54 0 0 -0 55 0 0 -0 56 0 0 -0 57 0 0 -0 58 0 0 -0 
<ClipNodeKeyframeRotation>:
0 -1 -3.30012e-15 7.54979e-08 -4.37114e-08 2 -0.999997 1.8184e-10 7.04479e-08 0.00258119 3 -0.999983 -9.39061e-10 6.79299e-08 0.00583784 4 -0.999946 -1.09786e-09 6.54134e-08 0.0104414 5 -0.999865 -1.19306e-09 6.29016e-08 0.0164244 6 -0.999716 -1.23229e-09 6.03952e-08 0.0238311 7 -0.999465 -1.22349e-09 5.78948e-08 0.0327073 8 -0.999071 -1.17464e-09 5.5401e-08 0.0431052 9 -0.998482 -1.09383e-09 5.29146e-08 0.0550823 10 -0.997637 -9.89402e-10 5.04363e-08 0.0686999 11 -0.996464 -8.70044e-10 4.7967e-08 0.0840216 12 -0.994875 -7.44884e-10 4.55079e-08 0.101111 13 -0.99277 -6.23495e-10 4.30607e-08 0.120032 14 -0.990032 -5.16031e-10 4.06273e-08 0.14084 15 -0.986529 -4.33284e-10 3.82104e-08 0.163584 16 -0.982112 -3.86577e-10 3.58133e-08 0.188298 17 -0.976615 -3.87914e-10 3.34404e-08 0.214997 18 -0.969858 -4.4976e-10 3.10971e-08 0.243671 19 -0.961651 -5.84976e-10 2.87898e-08 0.274275 20 -0.951798 -8.0662e-10 2.65264e-08 0.306725 21 -0.940103 -1.12759e-09 2.43164e-08 0.34089 22 -0.926382 -1.56031e-09 2.21704e-08 0.376585 23 -0.910473 -2.11619e-09 2.01005e-08 0.413568 24 -0.892249 -2.80516e-09 1.812e-08 0.451544 25 -0.871633 -3.63512e-09 1.62429e-08 0.490159 26 -0.848609 -4.61143e-09 1.44833e-08 0.52902 27 -0.823234 -5.73652e-09 1.28553e-08 0.567702 28 -0.795642 -7.00968e-09 1.13715e-08 0.605768 29 -0.766044 -8.42699e-09 1.00429e-08 0.642788 30 -0.734727 -9.81307e-09 9.06028e-09 0.678364 31 -0.702031 -1.16639e-08 7.88166e-09 0.712147 32 -0.668343 -1.34625e-08 7.05636e-09 0.743853 33 -0.63407 -1.53649e-08 6.40043e-09 0.773276 34 -0.599621 -1.73576e-08 5.90904e-09 0.800284 35 -0.565387 -1.94277e-08 5.57444e-09 0.824826 36 -0.531728 -2.15626e-08 5.38644e-09 0.846915 37 -0.498958 -2.37512e-08 5.33295e-09 0.866626 38 -0.467343 -2.59834e-08 5.40062e-09 0.884076 39 -0.437097 -2.82508e-08 5.57537e-09 0.899414 40 -0.408383 -3.05466e-08 5.84286e-09 0.912811 41 -0.381318 -3.28651e-08 6.18889e-09 0.924444 42 -0.355979 -3.52021e-08 6.59962e-09 0.934494 43 -0.332408 -3.75546e-08 7.06185e-09 0.943136 44 -0.310618 -3.99205e-08 7.56304e-09 0.950535 45 -0.290601 -4.22983e-08 8.09141e-09 0.956844 46 -0.272334 -4.46872e-08 8.63592e-09 0.962203 47 -0.255779 -4.70872e-08 9.1862e-09 0.966735 48 -0.240894 -4.94983e-08 9.73252e-09 0.970551 49 -0.22763 -5.19208e-08 1.02657e-08 0.973748 50 -0.215937 -5.43554e-08 1.07771e-08 0.976407 51 -0.205766 -5.68028e-08 1.12582e-08 0.978601 52 -0.197068 -5.92637e-08 1.1701e-08 0.98039 53 -0.1898 -6.17388e-08 1.20976e-08 0.981823 54 -0.183921 -6.4229e-08 1.24401e-08 0.982941 55 -0.179394 -6.67349e-08 1.27207e-08 0.983777 56 -0.176189 -6.92569e-08 1.29313e-08 0.984356 57 -0.174281 -7.17955e-08 1.30639e-08 0.984696 58 -0.173648 -7.43509e-08 1.31101e-08 0.984808 
<ClipNodeKeyframeScale>:
0 1 1 1 2 1 1 1 3 1 1 1 4 1 1 1 5 1 1 1 6 1 1 1 7 1 1 1 8 1 1 1 9 1 1 1 10 1 1 1 11 1 1 1 12 1 1 1 13 1 1 1 14 1 1 1 15 1 1 1 16 1 1 1 17 1 1 1 18 1 1 1 19 1 1 1 20 1 1 1 21 1 1 1 22 1 1 1 23 1 1 1 24 1 1 1 25 1 1 1 26 1 1 1 27 1 1 1 28 1 1 1 29 1 1 1 30 1 1 1 31 1 1 1 32 1 1 1 33 1 1 1 34 1 1 1 35 1 1 1 36 1 1 1 37 1 1 1 38 1 1 1 39 1 1 1 40 1 1 1 41 1 1 1 42 1 1 1 43 1 1 1 44 1 1 1 45 1 1 1 46 1 1 1 47 1 1 1 48 1 1 1 49 1 1 1 50 1 1 1 51 1 1 1 52 1 1 1 53 1 1 1 54 1 1 1 55 1 1 1 56 1 1 1 57 1 1 1 58 1 1 1 
<ClipName>:
ChestLowPoly|Opened
<Duration>:
1
<FrameRate>:
60
<KeyFrames>:
1
<ClipNodeName>:
ChestLowPoly
<ClipNodeKeyframeTransform>:
0 0 0 -0 1 0 0 -0 
<ClipNodeKeyframeRotation>:
0 0.707107 -0 0 0.707107 1 0.707107 -0 0 0.707107 
<ClipNodeKeyframeScale>:
0 100 100 100 1 100 100 100 
